0 0.045073
1 0.025471
2 0.020819
3 0.019010
4 0.017502
5 0.016326
6 0.016087
7 0.015125
8 0.015325
9 0.014907
10 0.014472
11 0.014763
12 0.014069
13 0.014131
14 0.014223
15 0.014047
16 0.014030
17 0.014091
18 0.014034
19 0.013712
20 0.013842
21 0.013900
22 0.013994
23 0.013659
24 0.013915
25 0.013813
26 0.013795
27 0.013833
28 0.013723
29 0.013519
30 0.013851
31 0.013635
32 0.013783
33 0.013697
34 0.013635
35 0.013619
36 0.013879
37 0.013643
38 0.013679
39 0.013902
40 0.013689
41 0.013912
42 0.013627
43 0.013618
44 0.013814
45 0.013715
46 0.013643
47 0.013665
48 0.013784
49 0.013436
50 0.013689
51 0.013856
52 0.013804
53 0.013908
54 0.013716
55 0.013406
56 0.013932
57 0.013717
58 0.013692
59 0.013503
60 0.013900
61 0.013657
62 0.013716
63 0.013491
64 0.013775
65 0.013846
66 0.013523
67 0.013924
68 0.013640
69 0.013778
70 0.013827
71 0.013669
72 0.013537
73 0.013843
74 0.013720
75 0.013695
76 0.013791
77 0.013753
78 0.013703
79 0.013650
80 0.013681
81 0.013550
82 0.013642
83 0.013848
84 0.013702
85 0.013749
86 0.013723
87 0.013658
88 0.013789
89 0.013920
90 0.013730
91 0.013685
92 0.013799
93 0.013644
94 0.013630
95 0.013713
96 0.013737
97 0.013731
98 0.013503
99 0.013730
100 0.013847
101 0.013628
102 0.013724
103 0.013590
104 0.013805
105 0.013520
106 0.013759
107 0.013891
108 0.013597
109 0.013482
110 0.013674
111 0.013747
112 0.013793
113 0.013852
114 0.013588
115 0.013686
116 0.013654
117 0.013651
118 0.013841
119 0.013664
120 0.013447
121 0.013672
122 0.013832
123 0.013629
124 0.013814
125 0.013746
126 0.013668
127 0.013569
128 0.013837
129 0.013674
130 0.013712
131 0.013843
132 0.013702
133 0.013847
134 0.013446
135 0.013768
136 0.013817
137 0.013752
138 0.013751
139 0.013545
140 0.013733
141 0.013775
142 0.013420
143 0.013807
144 0.013668
145 0.013532
146 0.013787
147 0.013662
148 0.013511
149 0.013686
150 0.013866
151 0.013765
152 0.013430
153 0.013492
154 0.013981
155 0.013703
156 0.013779
157 0.013736
158 0.013711
159 0.013774
160 0.013520
161 0.013885
162 0.013537
163 0.013591
164 0.013685
165 0.013852
166 0.013826
167 0.013693
168 0.013613
169 0.013832
170 0.013748
171 0.013783
172 0.013815
173 0.013685
174 0.013790
175 0.013598
176 0.013600
177 0.013772
178 0.013769
179 0.013634
180 0.013769
181 0.013600
182 0.013706
183 0.013796
184 0.013651
185 0.013669
186 0.013752
187 0.013887
188 0.013670
189 0.013791
190 0.013750
191 0.013778
192 0.013736
193 0.013623
194 0.013558
195 0.013856
196 0.013629
197 0.013743
198 0.013681
199 0.013432
200 0.013839
201 0.013738
202 0.013843
203 0.013461
204 0.013714
205 0.013719
206 0.013738
207 0.013668
208 0.013799
209 0.013654
210 0.013624
211 0.013730
212 0.013608
213 0.013695
214 0.013774
215 0.013786
216 0.013530
217 0.013693
218 0.013763
219 0.013780
220 0.013712
221 0.013762
222 0.013679
223 0.013597
224 0.013573
225 0.013772
226 0.013815
227 0.013562
228 0.013751
229 0.013504
230 0.013745
231 0.013466
232 0.013891
233 0.013822
234 0.013654
235 0.013729
236 0.013698
237 0.013588
238 0.013919
239 0.013767
240 0.013640
241 0.013839
242 0.013662
243 0.013653
244 0.013815
245 0.013728
246 0.013674
247 0.013805
248 0.013697
249 0.013385
250 0.013684
251 0.013801
252 0.013568
253 0.013789
254 0.013774
255 0.013629
256 0.013645
257 0.013575
258 0.013666
259 0.013728
260 0.013770
261 0.013916
262 0.013680
263 0.013708
264 0.013687
265 0.013799
266 0.013702
267 0.013556
268 0.013843
269 0.013317
270 0.013422
271 0.013939
272 0.013869
273 0.013695
274 0.013571
275 0.013658
276 0.013765
277 0.013548
278 0.013791
279 0.013654
280 0.013773
281 0.013695
282 0.013665
283 0.013832
284 0.013712
285 0.013689
286 0.013674
287 0.013835
288 0.013871
289 0.013630
290 0.013779
291 0.013438
292 0.013643
293 0.013732
294 0.013701
295 0.013604
296 0.013747
297 0.013813
298 0.013621
299 0.013558
300 0.013594
301 0.013918
302 0.013662
303 0.013771
304 0.013669
305 0.013682
306 0.013725
307 0.013767
308 0.013663
309 0.013738
310 0.013637
311 0.013605
312 0.013812
313 0.013786
314 0.013749
315 0.013486
316 0.013844
317 0.013643
318 0.013772
319 0.013681
320 0.013615
321 0.013621
322 0.013781
323 0.013420
324 0.013926
325 0.013798
326 0.013532
327 0.013767
328 0.013909
329 0.013671
330 0.013709
331 0.013480
332 0.013805
333 0.013906
334 0.013492
335 0.013765
336 0.013681
337 0.013804
338 0.013576
339 0.013721
340 0.013730
341 0.013689
342 0.013786
343 0.013661
344 0.013940
345 0.013496
346 0.013654
347 0.013955
348 0.013741
349 0.013649
350 0.013802
351 0.013725
352 0.013551
353 0.013805
354 0.013875
355 0.013436
356 0.013573
357 0.013750
358 0.013710
359 0.013785
360 0.013635
361 0.013813
362 0.013697
363 0.013721
364 0.013405
365 0.013778
366 0.013852
367 0.013765
368 0.013497
369 0.013605
370 0.013878
371 0.013730
372 0.013700
373 0.013728
374 0.013641
375 0.013730
376 0.013656
377 0.013879
378 0.013762
379 0.013690
380 0.013821
381 0.013678
382 0.013693
383 0.013664
384 0.013830
385 0.013784
386 0.013701
387 0.013872
388 0.013648
389 0.013460
390 0.013903
391 0.013811
392 0.013751
393 0.013720
394 0.013757
395 0.013717
396 0.013702
397 0.013586
398 0.013526
399 0.013924
400 0.013749
401 0.013505
402 0.013793
403 0.013449
404 0.013805
405 0.013781
406 0.013803
407 0.013646
408 0.013822
409 0.013510
410 0.013743
411 0.013729
412 0.013718
413 0.013628
414 0.013772
415 0.013792
416 0.013613
417 0.013805
418 0.013735
419 0.013691
420 0.013631
421 0.013470
422 0.013825
423 0.013674
424 0.013863
425 0.013863
426 0.013595
427 0.013828
428 0.013462
429 0.013869
430 0.013825
431 0.013533
432 0.013770
433 0.013682
434 0.013840
435 0.013568
436 0.013794
437 0.013727
438 0.013695
439 0.013752
440 0.013779
441 0.013779
442 0.013481
443 0.013802
444 0.013705
445 0.013726
446 0.013596
447 0.013748
448 0.013680
449 0.013719
450 0.013659
451 0.013871
452 0.013734
453 0.013742
454 0.013519
455 0.013710
456 0.013745
457 0.013720
458 0.013604
459 0.013693
460 0.013742
461 0.013741
462 0.013800
463 0.013661
464 0.013876
465 0.013586
466 0.013675
467 0.013567
468 0.013650
469 0.013733
470 0.013807
471 0.013788
472 0.013825
473 0.013725
474 0.013559
475 0.013773
476 0.013647
477 0.013664
478 0.013690
479 0.013727
480 0.013934
481 0.013784
482 0.013576
483 0.013748
484 0.013548
485 0.013586
486 0.013805
487 0.013581
488 0.013946
489 0.013560
490 0.013283
491 0.013743
492 0.013794
493 0.013751
494 0.013670
495 0.013639
496 0.013757
497 0.013812
498 0.013603
499 0.013678
