0 0.486770
1 0.727765
2 0.781299
3 0.808791
4 0.823109
5 0.834882
6 0.842219
7 0.848627
8 0.853581
9 0.854647
10 0.858446
11 0.862521
12 0.863332
13 0.863168
14 0.864810
15 0.866335
16 0.865389
17 0.867412
18 0.867250
19 0.866110
20 0.867133
21 0.867741
22 0.869036
23 0.867817
24 0.869869
25 0.868559
26 0.868082
27 0.868527
28 0.869537
29 0.868302
30 0.869535
31 0.869589
32 0.869216
33 0.870466
34 0.869870
35 0.869649
36 0.869538
37 0.869645
38 0.869310
39 0.869460
40 0.868601
41 0.871350
42 0.869213
43 0.870170
44 0.871004
45 0.869503
46 0.870172
47 0.869469
48 0.869953
49 0.869096
50 0.870060
51 0.869212
52 0.869114
53 0.869262
54 0.872308
55 0.870286
56 0.868874
57 0.870182
58 0.868903
59 0.868996
60 0.870409
61 0.869080
62 0.870848
63 0.869672
64 0.869061
65 0.869624
66 0.870123
67 0.870623
68 0.869134
69 0.869855
70 0.870493
71 0.869997
72 0.868984
73 0.870073
74 0.869679
75 0.869335
76 0.869856
77 0.869543
78 0.869085
79 0.870538
80 0.869847
81 0.870512
82 0.870042
83 0.868043
84 0.870065
85 0.871129
86 0.867880
87 0.868516
88 0.870563
89 0.870350
90 0.869547
91 0.867754
92 0.870502
93 0.869884
94 0.869384
95 0.869892
96 0.871638
97 0.869369
98 0.869519
99 0.869214
100 0.871292
101 0.868237
102 0.870432
103 0.869402
104 0.871713
105 0.869769
106 0.868700
107 0.872260
108 0.869638
109 0.869064
110 0.869751
111 0.869920
112 0.871514
113 0.871011
114 0.869245
115 0.870369
116 0.869816
117 0.869662
118 0.870147
119 0.870391
120 0.870699
121 0.868898
122 0.869278
123 0.870281
124 0.870080
125 0.869884
126 0.869910
127 0.868899
128 0.869890
129 0.869448
130 0.869730
131 0.868734
132 0.870268
133 0.870580
134 0.869819
135 0.870339
136 0.869349
137 0.870506
138 0.870623
139 0.869391
140 0.869735
141 0.869149
142 0.869958
143 0.869529
144 0.870702
145 0.870626
146 0.871905
147 0.869646
148 0.869993
149 0.868544
150 0.871879
151 0.869389
152 0.869652
153 0.870857
154 0.873829
155 0.869163
156 0.870313
157 0.869412
158 0.867935
159 0.871042
160 0.869526
161 0.869540
162 0.870693
163 0.869776
164 0.869054
165 0.869723
166 0.868768
167 0.869564
168 0.869164
169 0.870828
170 0.868941
171 0.870048
172 0.869658
173 0.868780
174 0.870051
175 0.870619
176 0.869655
177 0.869995
178 0.869989
179 0.870266
180 0.868576
181 0.869956
182 0.869357
183 0.870259
184 0.868666
185 0.869151
186 0.869606
187 0.869594
188 0.869998
189 0.868686
190 0.868540
191 0.869392
192 0.869203
193 0.869873
194 0.870273
195 0.870688
196 0.868932
197 0.871241
198 0.869407
199 0.870917
200 0.869467
201 0.869469
202 0.872958
203 0.868766
204 0.869818
205 0.870506
206 0.870344
207 0.869088
208 0.870524
209 0.869680
210 0.869847
211 0.869075
212 0.871429
213 0.869467
214 0.869075
215 0.870304
216 0.869408
217 0.869300
218 0.870089
219 0.870461
220 0.870006
221 0.869589
222 0.870125
223 0.869469
224 0.869778
225 0.870633
226 0.871720
227 0.868582
228 0.869689
229 0.869222
230 0.870208
231 0.870916
232 0.869338
233 0.869251
234 0.869788
235 0.870853
236 0.869925
237 0.869104
238 0.870059
239 0.869728
240 0.869153
241 0.870251
242 0.869512
243 0.869628
244 0.868929
245 0.868764
246 0.868905
247 0.873028
248 0.868784
249 0.870716
250 0.869680
251 0.870548
252 0.869152
253 0.870402
254 0.871594
255 0.868518
256 0.869740
257 0.869537
258 0.870065
259 0.869601
260 0.869655
261 0.871527
262 0.868597
263 0.868633
264 0.870545
265 0.869212
266 0.870077
267 0.869105
268 0.870940
269 0.871207
270 0.871226
271 0.870952
272 0.870212
273 0.870556
274 0.868885
275 0.868855
276 0.872222
277 0.869341
278 0.869743
279 0.869316
280 0.869664
281 0.868942
282 0.869746
283 0.870621
284 0.869487
285 0.868211
286 0.869961
287 0.869543
288 0.869790
289 0.869074
290 0.871959
291 0.869344
292 0.871261
293 0.869305
294 0.869927
295 0.869989
296 0.870167
297 0.870436
298 0.870036
299 0.868364
300 0.870745
301 0.870376
302 0.869890
303 0.869235
304 0.870039
305 0.870881
306 0.869614
307 0.870857
308 0.870189
309 0.867535
310 0.869412
311 0.869301
312 0.870178
313 0.870035
314 0.869712
315 0.869913
316 0.870443
317 0.871114
318 0.868845
319 0.868642
320 0.870107
321 0.869011
322 0.871040
323 0.869988
324 0.871217
325 0.870278
326 0.869241
327 0.868991
328 0.869315
329 0.869040
330 0.870193
331 0.870561
332 0.869495
333 0.869266
334 0.869485
335 0.870010
336 0.870647
337 0.870167
338 0.870109
339 0.870544
340 0.868831
341 0.870089
342 0.869370
343 0.868548
344 0.869744
345 0.869684
346 0.869580
347 0.869098
348 0.870214
349 0.870182
350 0.869898
351 0.871467
352 0.869379
353 0.868652
354 0.871034
355 0.869261
356 0.870250
357 0.869231
358 0.870098
359 0.872694
360 0.869179
361 0.868127
362 0.870252
363 0.868962
364 0.870501
365 0.869829
366 0.870551
367 0.870575
368 0.869682
369 0.870057
370 0.870610
371 0.869920
372 0.868085
373 0.869076
374 0.869387
375 0.870109
376 0.869545
377 0.868187
378 0.869673
379 0.869470
380 0.869543
381 0.869269
382 0.870221
383 0.869691
384 0.871547
385 0.869201
386 0.869020
387 0.868177
388 0.867855
389 0.869904
390 0.871071
391 0.869143
392 0.869876
393 0.870175
394 0.870403
395 0.868925
396 0.869692
397 0.869291
398 0.870217
399 0.868721
400 0.869259
401 0.870648
402 0.869710
403 0.871458
404 0.869594
405 0.869595
406 0.869446
407 0.869977
408 0.870806
409 0.869376
410 0.869929
411 0.869535
412 0.869950
413 0.868971
414 0.871404
415 0.870131
416 0.869649
417 0.870240
418 0.870015
419 0.870726
420 0.868763
421 0.868917
422 0.869651
423 0.869379
424 0.870178
425 0.870661
426 0.869419
427 0.869943
428 0.868611
429 0.870915
430 0.870629
431 0.869922
432 0.870184
433 0.869299
434 0.869066
435 0.870874
436 0.869897
437 0.870337
438 0.868544
439 0.869380
440 0.869320
441 0.868992
442 0.869431
443 0.870937
444 0.869975
445 0.870289
446 0.868763
447 0.868615
448 0.870100
449 0.871132
450 0.868650
451 0.869960
452 0.870497
453 0.868232
454 0.869923
455 0.869317
456 0.870013
457 0.870369
458 0.870263
459 0.870872
460 0.870355
461 0.868616
462 0.869400
463 0.871149
464 0.870375
465 0.868374
466 0.869639
467 0.869319
468 0.869817
469 0.869028
470 0.869995
471 0.868765
472 0.873466
473 0.867803
474 0.868932
475 0.870841
476 0.868951
477 0.869512
478 0.868954
479 0.869359
480 0.870591
481 0.871506
482 0.869687
483 0.870397
484 0.869660
485 0.869872
486 0.868823
487 0.869775
488 0.874834
489 0.868495
490 0.869789
491 0.871040
492 0.870320
493 0.871534
494 0.869505
495 0.869464
496 0.870347
497 0.869820
498 0.869247
499 0.869899
