0 0.646026
1 0.786726
2 0.790392
3 0.795607
4 0.793778
5 0.796601
6 0.795410
7 0.796289
8 0.794231
9 0.792511
10 0.796007
11 0.795043
12 0.795705
13 0.793848
14 0.792982
15 0.793479
16 0.795877
17 0.794943
18 0.794754
19 0.795371
20 0.792952
21 0.794308
22 0.793683
23 0.795009
24 0.794909
25 0.797884
26 0.793393
27 0.795348
28 0.793989
29 0.797028
30 0.794385
31 0.795759
32 0.794812
33 0.796436
34 0.795126
35 0.792267
36 0.795480
37 0.795598
38 0.793648
39 0.796148
40 0.795783
41 0.794965
42 0.796558
43 0.792300
44 0.793816
45 0.794065
46 0.795639
47 0.794898
48 0.795394
49 0.797209
50 0.794150
51 0.793152
52 0.798284
53 0.797512
54 0.793797
55 0.795574
56 0.794511
57 0.794465
58 0.794315
59 0.796687
60 0.795671
61 0.796573
62 0.793590
63 0.795087
64 0.797013
65 0.792977
66 0.795071
67 0.794979
68 0.793869
69 0.795125
70 0.794484
71 0.794452
72 0.794751
73 0.795539
74 0.793829
75 0.794908
76 0.795297
77 0.794511
78 0.796483
79 0.793122
80 0.794169
81 0.794010
82 0.795652
83 0.797831
84 0.795108
85 0.796105
86 0.796625
87 0.794379
88 0.795835
89 0.792808
90 0.792869
91 0.797054
92 0.796307
93 0.797843
94 0.792893
95 0.797482
96 0.795700
97 0.793457
98 0.794748
99 0.797588
100 0.794505
101 0.792839
102 0.796573
103 0.796391
104 0.797076
105 0.793555
106 0.795080
107 0.794405
108 0.796555
109 0.795939
110 0.793874
111 0.792291
112 0.793688
113 0.796826
114 0.796164
115 0.795132
116 0.793931
117 0.792576
118 0.794758
119 0.792773
120 0.793803
121 0.795441
122 0.798329
123 0.794632
124 0.796212
125 0.793245
126 0.792403
127 0.795653
128 0.796623
129 0.791552
130 0.793307
131 0.795238
132 0.797525
133 0.796779
134 0.794452
135 0.795260
136 0.794986
137 0.793623
138 0.795655
139 0.797258
140 0.796058
141 0.793779
142 0.793594
143 0.796858
144 0.794844
145 0.795022
146 0.796448
147 0.794720
148 0.797154
149 0.793630
150 0.792258
151 0.794307
152 0.795951
153 0.796589
154 0.795679
155 0.795071
156 0.793703
157 0.794479
158 0.796894
159 0.795965
160 0.790862
161 0.796875
162 0.796949
163 0.794255
164 0.794651
165 0.797751
166 0.796155
167 0.795171
168 0.796364
169 0.796472
170 0.795372
171 0.794549
172 0.792344
173 0.794994
174 0.795574
175 0.794658
176 0.792862
177 0.794601
178 0.797228
179 0.797227
180 0.794771
181 0.794717
182 0.791699
183 0.793953
184 0.794674
185 0.797954
186 0.792627
187 0.795976
188 0.793485
189 0.794579
190 0.793983
191 0.795823
192 0.793271
193 0.796697
194 0.792197
195 0.795434
196 0.796479
197 0.795152
198 0.791664
199 0.795475
200 0.794195
201 0.796345
202 0.796110
203 0.796861
204 0.795019
205 0.796241
206 0.797108
207 0.793486
208 0.797440
209 0.797278
210 0.794561
211 0.793263
212 0.795535
213 0.796091
214 0.792883
215 0.795852
216 0.795781
217 0.795690
218 0.795924
219 0.793873
220 0.796166
221 0.797692
222 0.792999
223 0.795426
224 0.795986
225 0.798926
226 0.794331
227 0.793558
228 0.796088
229 0.798554
230 0.794622
231 0.795632
232 0.794858
233 0.793605
234 0.791979
235 0.795608
236 0.794509
237 0.792741
238 0.795782
239 0.794328
240 0.796324
241 0.795285
242 0.792519
243 0.796472
244 0.793158
245 0.792844
246 0.797197
247 0.794341
248 0.796700
249 0.797469
250 0.791059
251 0.796095
252 0.796201
253 0.794276
254 0.796648
255 0.798122
256 0.795205
257 0.795478
258 0.795765
259 0.794830
260 0.797276
261 0.793672
262 0.793864
263 0.793335
264 0.795209
265 0.795917
266 0.794244
267 0.793690
268 0.794934
269 0.796537
270 0.793517
271 0.794423
272 0.794495
273 0.795924
274 0.794931
275 0.794529
276 0.801485
277 0.792370
278 0.797707
279 0.795701
280 0.792216
281 0.798276
282 0.792803
283 0.793762
284 0.794477
285 0.796274
286 0.795667
287 0.793614
288 0.794757
289 0.798657
290 0.793223
291 0.795006
292 0.796536
293 0.797343
294 0.794094
295 0.795111
296 0.794299
297 0.792992
298 0.798450
299 0.795119
300 0.794982
301 0.796703
302 0.794870
303 0.796210
304 0.794850
305 0.795954
306 0.796038
307 0.795610
308 0.796595
309 0.795410
310 0.795103
311 0.793732
312 0.796542
313 0.794135
314 0.795036
315 0.796027
316 0.794290
317 0.792571
318 0.796831
319 0.795112
320 0.794344
321 0.796566
322 0.795152
323 0.793949
324 0.795602
325 0.792404
326 0.797548
327 0.794704
328 0.795779
329 0.794350
330 0.796074
331 0.793658
332 0.791927
333 0.798489
334 0.795005
335 0.793629
336 0.797361
337 0.795495
338 0.796789
339 0.796524
340 0.797173
341 0.799185
342 0.795111
343 0.794822
344 0.793970
345 0.795474
346 0.794936
347 0.791895
348 0.799029
349 0.796798
350 0.796160
351 0.794531
352 0.796398
353 0.794965
354 0.795300
355 0.793093
356 0.794659
357 0.794856
358 0.794911
359 0.795761
360 0.794732
361 0.795627
362 0.793583
363 0.795548
364 0.795687
365 0.794927
366 0.795157
367 0.796565
368 0.797591
369 0.795303
370 0.794001
371 0.797845
372 0.792859
373 0.794869
374 0.794922
375 0.794639
376 0.798884
377 0.792034
378 0.794226
379 0.795845
380 0.796170
381 0.794554
382 0.794392
383 0.795094
384 0.795164
385 0.797860
386 0.792171
387 0.794206
388 0.795721
389 0.795732
390 0.794316
391 0.795346
392 0.793180
393 0.793438
394 0.797761
395 0.794700
396 0.796292
397 0.794047
398 0.794204
399 0.795960
400 0.794764
401 0.798559
402 0.794402
403 0.794104
404 0.794113
405 0.796283
406 0.792182
407 0.794105
408 0.794918
409 0.794154
410 0.798539
411 0.797354
412 0.792169
413 0.794636
414 0.797634
415 0.793227
416 0.795510
417 0.795527
418 0.796509
419 0.793459
420 0.797864
421 0.792246
422 0.795166
423 0.794303
424 0.795454
425 0.794460
426 0.796853
427 0.792809
428 0.793001
429 0.795623
430 0.795749
431 0.796071
432 0.797114
433 0.796562
434 0.792678
435 0.794859
436 0.794299
437 0.796253
438 0.794019
439 0.794845
440 0.795210
441 0.795760
442 0.793649
443 0.794873
444 0.793131
445 0.795052
446 0.799612
447 0.793742
448 0.795946
449 0.797030
450 0.794414
451 0.793595
452 0.795967
453 0.794030
454 0.795830
455 0.794054
456 0.794397
457 0.796815
458 0.795890
459 0.794223
460 0.792751
461 0.792647
462 0.793599
463 0.793757
464 0.794018
465 0.796827
466 0.793123
467 0.795891
468 0.795673
469 0.797135
470 0.793851
471 0.793309
472 0.796440
473 0.792973
474 0.797360
475 0.793334
476 0.794917
477 0.794852
478 0.793762
479 0.795572
480 0.795826
481 0.795364
482 0.795470
483 0.794177
484 0.796157
485 0.794170
486 0.796012
487 0.794213
488 0.798280
489 0.793366
490 0.795859
491 0.794287
492 0.799267
493 0.795292
494 0.793392
495 0.795442
496 0.796510
497 0.791844
498 0.795382
499 0.795824
