0 0.637792
1 0.788752
2 0.802545
3 0.808985
4 0.809296
5 0.811527
6 0.811229
7 0.812010
8 0.810965
9 0.810103
10 0.811683
11 0.811191
12 0.811631
13 0.810457
14 0.810500
15 0.810497
16 0.812259
17 0.811559
18 0.811385
19 0.811491
20 0.810007
21 0.810896
22 0.811334
23 0.811372
24 0.811216
25 0.814564
26 0.810648
27 0.811462
28 0.810889
29 0.813042
30 0.810791
31 0.811564
32 0.811321
33 0.812108
34 0.811609
35 0.809749
36 0.811104
37 0.811559
38 0.810515
39 0.812126
40 0.811441
41 0.811670
42 0.812370
43 0.809691
44 0.810421
45 0.810739
46 0.811674
47 0.811157
48 0.811272
49 0.812647
50 0.810756
51 0.810473
52 0.813807
53 0.813096
54 0.811082
55 0.811443
56 0.811202
57 0.811143
58 0.810766
59 0.812442
60 0.811507
61 0.812190
62 0.811111
63 0.811379
64 0.812607
65 0.810013
66 0.811165
67 0.811540
68 0.810997
69 0.811141
70 0.811439
71 0.810727
72 0.810971
73 0.811728
74 0.810937
75 0.810793
76 0.812147
77 0.811026
78 0.812446
79 0.810871
80 0.811000
81 0.811025
82 0.812056
83 0.813700
84 0.811185
85 0.811518
86 0.812151
87 0.810975
88 0.811356
89 0.810125
90 0.810129
91 0.812087
92 0.812260
93 0.813441
94 0.810671
95 0.812709
96 0.811722
97 0.810667
98 0.810991
99 0.813076
100 0.811563
101 0.810096
102 0.811500
103 0.812185
104 0.811659
105 0.810423
106 0.811776
107 0.810512
108 0.812691
109 0.811780
110 0.810648
111 0.810211
112 0.810824
113 0.811569
114 0.812195
115 0.811196
116 0.810655
117 0.810508
118 0.811072
119 0.810010
120 0.811164
121 0.811169
122 0.813662
123 0.810846
124 0.811744
125 0.810083
126 0.809496
127 0.811923
128 0.812568
129 0.809354
130 0.810659
131 0.811397
132 0.812699
133 0.812560
134 0.810758
135 0.811472
136 0.810962
137 0.810409
138 0.811905
139 0.813156
140 0.811924
141 0.810568
142 0.810566
143 0.812450
144 0.811341
145 0.811549
146 0.812474
147 0.810879
148 0.813611
149 0.810307
150 0.809921
151 0.810809
152 0.811712
153 0.812179
154 0.811888
155 0.811956
156 0.810218
157 0.811439
158 0.812391
159 0.811553
160 0.809116
161 0.812092
162 0.813350
163 0.810594
164 0.811254
165 0.813296
166 0.811504
167 0.811570
168 0.812540
169 0.812554
170 0.811405
171 0.811071
172 0.810204
173 0.811234
174 0.811530
175 0.810914
176 0.810404
177 0.810805
178 0.812578
179 0.812913
180 0.811471
181 0.810951
182 0.809643
183 0.810936
184 0.810997
185 0.813627
186 0.809607
187 0.811737
188 0.810619
189 0.810601
190 0.810791
191 0.811848
192 0.810839
193 0.813477
194 0.809796
195 0.811691
196 0.812165
197 0.811458
198 0.809669
199 0.811247
200 0.810663
201 0.812030
202 0.811971
203 0.811989
204 0.811090
205 0.811975
206 0.812461
207 0.811336
208 0.812630
209 0.812567
210 0.811530
211 0.811254
212 0.811668
213 0.812064
214 0.810070
215 0.811740
216 0.811779
217 0.812245
218 0.812208
219 0.810672
220 0.811533
221 0.812633
222 0.810335
223 0.811988
224 0.811393
225 0.813639
226 0.811144
227 0.811097
228 0.813015
229 0.813760
230 0.811061
231 0.811803
232 0.810950
233 0.810829
234 0.809546
235 0.811654
236 0.811344
237 0.809939
238 0.811471
239 0.811722
240 0.811863
241 0.811638
242 0.810125
243 0.811977
244 0.809591
245 0.810346
246 0.812575
247 0.811543
248 0.812310
249 0.812447
250 0.809282
251 0.812647
252 0.811647
253 0.811649
254 0.812233
255 0.814375
256 0.811790
257 0.811442
258 0.812133
259 0.810565
260 0.812365
261 0.811163
262 0.810939
263 0.810142
264 0.811083
265 0.812118
266 0.810992
267 0.810617
268 0.811067
269 0.812109
270 0.810507
271 0.811210
272 0.810734
273 0.811807
274 0.811702
275 0.811336
276 0.815126
277 0.809988
278 0.812870
279 0.812118
280 0.809607
281 0.813408
282 0.810031
283 0.810369
284 0.811502
285 0.812458
286 0.811511
287 0.810416
288 0.810742
289 0.812979
290 0.810457
291 0.811113
292 0.811778
293 0.812537
294 0.811307
295 0.811403
296 0.811287
297 0.810109
298 0.813205
299 0.811729
300 0.811425
301 0.812599
302 0.811047
303 0.812473
304 0.811257
305 0.812404
306 0.811801
307 0.812063
308 0.811927
309 0.811490
310 0.811082
311 0.810563
312 0.812136
313 0.811237
314 0.811183
315 0.812111
316 0.811072
317 0.809701
318 0.813209
319 0.811378
320 0.811126
321 0.812385
322 0.811153
323 0.811304
324 0.811567
325 0.809881
326 0.812553
327 0.811672
328 0.811062
329 0.810862
330 0.811999
331 0.811017
332 0.810146
333 0.813225
334 0.811307
335 0.811035
336 0.812410
337 0.811373
338 0.812084
339 0.812332
340 0.812632
341 0.813847
342 0.811435
343 0.811807
344 0.810765
345 0.811973
346 0.811296
347 0.809307
348 0.813297
349 0.812453
350 0.812762
351 0.810638
352 0.812175
353 0.811106
354 0.811231
355 0.810267
356 0.810910
357 0.810997
358 0.811478
359 0.811367
360 0.811468
361 0.811768
362 0.810353
363 0.811711
364 0.811314
365 0.811637
366 0.811449
367 0.812235
368 0.812697
369 0.811789
370 0.810696
371 0.812905
372 0.810245
373 0.811204
374 0.810620
375 0.810766
376 0.814233
377 0.809687
378 0.810669
379 0.811978
380 0.811864
381 0.810941
382 0.810836
383 0.811328
384 0.811801
385 0.812882
386 0.810356
387 0.811262
388 0.812021
389 0.811787
390 0.810862
391 0.811614
392 0.810173
393 0.810077
394 0.812846
395 0.811056
396 0.811601
397 0.811315
398 0.810909
399 0.812185
400 0.811094
401 0.813426
402 0.810906
403 0.810110
404 0.811061
405 0.812298
406 0.810159
407 0.810981
408 0.810895
409 0.810787
410 0.813484
411 0.812464
412 0.809815
413 0.811371
414 0.813074
415 0.810803
416 0.811787
417 0.811720
418 0.812792
419 0.810170
420 0.812826
421 0.809687
422 0.811602
423 0.810809
424 0.811609
425 0.810936
426 0.812582
427 0.810042
428 0.810477
429 0.811404
430 0.811737
431 0.812109
432 0.813549
433 0.812128
434 0.810007
435 0.811316
436 0.811203
437 0.811961
438 0.811149
439 0.811683
440 0.811013
441 0.811718
442 0.810536
443 0.811478
444 0.810146
445 0.811398
446 0.813876
447 0.810581
448 0.812141
449 0.812911
450 0.810575
451 0.810541
452 0.811614
453 0.810641
454 0.812014
455 0.810676
456 0.811084
457 0.812151
458 0.812186
459 0.811045
460 0.809885
461 0.810005
462 0.810655
463 0.810187
464 0.810991
465 0.812254
466 0.810684
467 0.811658
468 0.811778
469 0.812640
470 0.811169
471 0.810769
472 0.811703
473 0.810187
474 0.813149
475 0.810657
476 0.811270
477 0.811725
478 0.810756
479 0.811496
480 0.811869
481 0.811220
482 0.812228
483 0.811068
484 0.811800
485 0.811289
486 0.811664
487 0.811181
488 0.812701
489 0.810346
490 0.811784
491 0.811305
492 0.814517
493 0.811937
494 0.810510
495 0.811448
496 0.812363
497 0.809929
498 0.811802
499 0.811781
