0 0.030526
1 0.019677
2 0.018640
3 0.018028
4 0.018142
5 0.017984
6 0.017886
7 0.017917
8 0.017744
9 0.018219
10 0.017893
11 0.017923
12 0.017748
13 0.018054
14 0.017972
15 0.018064
16 0.017776
17 0.017843
18 0.017892
19 0.017866
20 0.018059
21 0.017886
22 0.017960
23 0.017884
24 0.017859
25 0.017862
26 0.017749
27 0.018025
28 0.017955
29 0.017983
30 0.017791
31 0.017812
32 0.018012
33 0.017817
34 0.017870
35 0.018065
36 0.017992
37 0.017953
38 0.017886
39 0.017922
40 0.017912
41 0.017845
42 0.017737
43 0.018091
44 0.018000
45 0.018103
46 0.017749
47 0.017883
48 0.018106
49 0.017662
50 0.018133
51 0.017930
52 0.017669
53 0.017866
54 0.017897
55 0.017912
56 0.017966
57 0.017890
58 0.017999
59 0.017855
60 0.017709
61 0.018024
62 0.017885
63 0.018065
64 0.017692
65 0.018053
66 0.017959
67 0.017768
68 0.018021
69 0.017940
70 0.018051
71 0.017908
72 0.017895
73 0.017760
74 0.018090
75 0.017841
76 0.017866
77 0.017934
78 0.017689
79 0.018069
80 0.017944
81 0.017927
82 0.017705
83 0.018123
84 0.017839
85 0.017869
86 0.017842
87 0.017964
88 0.017815
89 0.018102
90 0.017946
91 0.017934
92 0.017930
93 0.017891
94 0.017786
95 0.017868
96 0.017727
97 0.017927
98 0.018053
99 0.017666
100 0.018163
101 0.017983
102 0.017808
103 0.017896
104 0.017867
105 0.018003
106 0.017997
107 0.017796
108 0.017822
109 0.017761
110 0.017967
111 0.018003
112 0.018091
113 0.017768
114 0.017964
115 0.017988
116 0.017889
117 0.017865
118 0.018004
119 0.018085
120 0.018011
121 0.017785
122 0.017852
123 0.017825
124 0.018010
125 0.017926
126 0.018089
127 0.017922
128 0.017655
129 0.018090
130 0.018032
131 0.017982
132 0.017678
133 0.018030
134 0.017870
135 0.017862
136 0.017844
137 0.018028
138 0.017890
139 0.017989
140 0.017795
141 0.018008
142 0.017927
143 0.017896
144 0.017850
145 0.017805
146 0.017729
147 0.018015
148 0.018031
149 0.017802
150 0.018094
151 0.017917
152 0.017938
153 0.017638
154 0.017981
155 0.018005
156 0.017866
157 0.017807
158 0.018057
159 0.017890
160 0.017992
161 0.017927
162 0.017932
163 0.017923
164 0.017739
165 0.017974
166 0.017850
167 0.017668
168 0.018031
169 0.017953
170 0.017882
171 0.017886
172 0.017977
173 0.017926
174 0.017853
175 0.017944
176 0.017964
177 0.017928
178 0.017860
179 0.017673
180 0.018046
181 0.017932
182 0.018101
183 0.017907
184 0.017906
185 0.017812
186 0.017965
187 0.017904
188 0.018072
189 0.017947
190 0.017918
191 0.017960
192 0.017815
193 0.017798
194 0.018036
195 0.017904
196 0.017668
197 0.017869
198 0.018176
199 0.017983
200 0.018086
201 0.017732
202 0.017864
203 0.018000
204 0.017817
205 0.017868
206 0.017622
207 0.018067
208 0.017944
209 0.017693
210 0.018093
211 0.017774
212 0.017928
213 0.017932
214 0.018024
215 0.017722
216 0.018045
217 0.017692
218 0.017998
219 0.018047
220 0.017750
221 0.017717
222 0.018195
223 0.017961
224 0.017869
225 0.017816
226 0.017860
227 0.017989
228 0.017885
229 0.017548
230 0.017927
231 0.017899
232 0.017958
233 0.017977
234 0.018052
235 0.017880
236 0.018015
237 0.017991
238 0.017880
239 0.017866
240 0.017740
241 0.018043
242 0.018086
243 0.017911
244 0.017927
245 0.018028
246 0.017712
247 0.017983
248 0.017878
249 0.017813
250 0.017981
251 0.017971
252 0.017790
253 0.017888
254 0.017805
255 0.017852
256 0.017613
257 0.018028
258 0.017853
259 0.018045
260 0.017848
261 0.017857
262 0.017915
263 0.018155
264 0.017768
265 0.018050
266 0.017990
267 0.017814
268 0.017846
269 0.017926
270 0.017984
271 0.018078
272 0.017823
273 0.017864
274 0.017827
275 0.017851
276 0.017919
277 0.017882
278 0.017863
279 0.017655
280 0.018082
281 0.017843
282 0.018038
283 0.018057
284 0.017710
285 0.017979
286 0.017854
287 0.018017
288 0.017937
289 0.017881
290 0.017910
291 0.017921
292 0.017982
293 0.017727
294 0.017967
295 0.017799
296 0.017897
297 0.018053
298 0.017752
299 0.018114
300 0.017674
301 0.017997
302 0.017997
303 0.017734
304 0.017855
305 0.017838
306 0.017908
307 0.018048
308 0.017660
309 0.018066
310 0.017894
311 0.018060
312 0.017833
313 0.017820
314 0.018034
315 0.017832
316 0.017808
317 0.018079
318 0.017995
319 0.017761
320 0.017905
321 0.017825
322 0.017925
323 0.018036
324 0.017932
325 0.018076
326 0.017804
327 0.017826
328 0.017982
329 0.017925
330 0.017777
331 0.018003
332 0.018072
333 0.017748
334 0.017710
335 0.017992
336 0.018036
337 0.017917
338 0.017705
339 0.017950
340 0.017887
341 0.017463
342 0.018017
343 0.018073
344 0.017872
345 0.017762
346 0.018060
347 0.018114
348 0.017645
349 0.017669
350 0.018237
351 0.017734
352 0.017964
353 0.017940
354 0.017924
355 0.018012
356 0.017998
357 0.017812
358 0.017976
359 0.017837
360 0.017976
361 0.018019
362 0.017817
363 0.018065
364 0.017830
365 0.017888
366 0.017865
367 0.017972
368 0.017752
369 0.017791
370 0.017955
371 0.017894
372 0.017952
373 0.017914
374 0.017998
375 0.017854
376 0.017942
377 0.018049
378 0.017839
379 0.017862
380 0.017825
381 0.017946
382 0.017980
383 0.017877
384 0.017928
385 0.017890
386 0.017957
387 0.017781
388 0.017797
389 0.018021
390 0.017891
391 0.017977
392 0.017979
393 0.017967
394 0.017996
395 0.017858
396 0.017807
397 0.017813
398 0.018166
399 0.017638
400 0.018080
401 0.017739
402 0.018078
403 0.017952
404 0.017898
405 0.017921
406 0.018032
407 0.017904
408 0.018014
409 0.017885
410 0.017869
411 0.017895
412 0.017898
413 0.017883
414 0.017869
415 0.017761
416 0.017792
417 0.017916
418 0.017952
419 0.017887
420 0.017956
421 0.017874
422 0.017966
423 0.018016
424 0.017968
425 0.017875
426 0.017764
427 0.017960
428 0.018046
429 0.017910
430 0.017891
431 0.017697
432 0.018099
433 0.017575
434 0.018165
435 0.017941
436 0.017857
437 0.017940
438 0.017878
439 0.018058
440 0.017885
441 0.017791
442 0.017988
443 0.018015
444 0.017956
445 0.017844
446 0.017913
447 0.017876
448 0.017661
449 0.018129
450 0.017917
451 0.018006
452 0.017893
453 0.017964
454 0.017870
455 0.017866
456 0.017968
457 0.017802
458 0.017816
459 0.017991
460 0.018103
461 0.017996
462 0.017978
463 0.017926
464 0.018093
465 0.017812
466 0.017939
467 0.017869
468 0.017850
469 0.017654
470 0.017999
471 0.018171
472 0.017688
473 0.018038
474 0.017952
475 0.017826
476 0.017841
477 0.017853
478 0.018108
479 0.017944
480 0.017750
481 0.017970
482 0.017787
483 0.018039
484 0.017852
485 0.017930
486 0.017785
487 0.018125
488 0.017630
489 0.018086
490 0.017834
491 0.018124
492 0.017655
493 0.017714
494 0.018092
495 0.017857
496 0.017735
497 0.017934
498 0.017979
499 0.017966
