0 0.493144
1 0.736316
2 0.787013
3 0.808088
4 0.816596
5 0.825932
6 0.828257
7 0.832859
8 0.836347
9 0.833496
10 0.836560
11 0.839862
12 0.839713
13 0.838584
14 0.838459
15 0.839240
16 0.836400
17 0.838247
18 0.837272
19 0.835587
20 0.837341
21 0.837276
22 0.838558
23 0.836471
24 0.839547
25 0.837158
26 0.835546
27 0.836788
28 0.838659
29 0.837532
30 0.838920
31 0.837906
32 0.836622
33 0.839613
34 0.837187
35 0.838575
36 0.837096
37 0.838249
38 0.837014
39 0.836125
40 0.835759
41 0.841033
42 0.837432
43 0.838169
44 0.839701
45 0.838005
46 0.839627
47 0.837581
48 0.837692
49 0.836737
50 0.839184
51 0.836407
52 0.836135
53 0.836586
54 0.841187
55 0.838959
56 0.835323
57 0.839186
58 0.837057
59 0.837175
60 0.838664
61 0.836481
62 0.839523
63 0.838452
64 0.836501
65 0.836813
66 0.839034
67 0.838248
68 0.836251
69 0.837516
70 0.837733
71 0.838361
72 0.836501
73 0.837975
74 0.837000
75 0.837692
76 0.837767
77 0.837547
78 0.836776
79 0.840079
80 0.838466
81 0.840403
82 0.838652
83 0.835412
84 0.838787
85 0.839239
86 0.834610
87 0.836171
88 0.839105
89 0.838869
90 0.837131
91 0.834565
92 0.839061
93 0.837956
94 0.838806
95 0.838189
96 0.840669
97 0.836573
98 0.837595
99 0.836609
100 0.840503
101 0.835431
102 0.839041
103 0.837635
104 0.840824
105 0.838480
106 0.836191
107 0.841036
108 0.838493
109 0.836660
110 0.838372
111 0.837971
112 0.840743
113 0.839209
114 0.837015
115 0.839627
116 0.837326
117 0.837864
118 0.837226
119 0.838631
120 0.838894
121 0.835807
122 0.835933
123 0.838201
124 0.837693
125 0.837662
126 0.838261
127 0.835873
128 0.837224
129 0.837660
130 0.837806
131 0.835321
132 0.838314
133 0.838846
134 0.837849
135 0.839006
136 0.835999
137 0.839603
138 0.839490
139 0.837146
140 0.837616
141 0.836126
142 0.838148
143 0.837342
144 0.839721
145 0.839477
146 0.841559
147 0.836962
148 0.838933
149 0.834183
150 0.840832
151 0.836820
152 0.838353
153 0.839847
154 0.844065
155 0.836613
156 0.838423
157 0.837264
158 0.833854
159 0.840437
160 0.838215
161 0.836902
162 0.840643
163 0.837862
164 0.836436
165 0.837155
166 0.834682
167 0.836971
168 0.836778
169 0.838939
170 0.836344
171 0.838530
172 0.836731
173 0.836688
174 0.838806
175 0.839994
176 0.838314
177 0.838488
178 0.838841
179 0.839964
180 0.835293
181 0.838610
182 0.838261
183 0.838481
184 0.835772
185 0.836882
186 0.837786
187 0.836738
188 0.838717
189 0.835104
190 0.835509
191 0.836640
192 0.836537
193 0.838020
194 0.839969
195 0.838399
196 0.836672
197 0.840790
198 0.836988
199 0.840463
200 0.836623
201 0.837311
202 0.842125
203 0.835874
204 0.838411
205 0.838825
206 0.838296
207 0.836862
208 0.839218
209 0.838101
210 0.838332
211 0.836273
212 0.840690
213 0.837858
214 0.835288
215 0.838006
216 0.837691
217 0.837169
218 0.838083
219 0.838717
220 0.838087
221 0.837220
222 0.838152
223 0.838729
224 0.837676
225 0.839341
226 0.839849
227 0.835588
228 0.836993
229 0.836550
230 0.837818
231 0.839865
232 0.835820
233 0.836094
234 0.837703
235 0.839869
236 0.837814
237 0.837078
238 0.837194
239 0.837573
240 0.836522
241 0.838767
242 0.837395
243 0.837768
244 0.835880
245 0.836246
246 0.836597
247 0.841643
248 0.835914
249 0.840611
250 0.837056
251 0.838784
252 0.836042
253 0.837896
254 0.840345
255 0.835589
256 0.837222
257 0.837081
258 0.838345
259 0.836642
260 0.837421
261 0.840666
262 0.835201
263 0.835967
264 0.839948
265 0.836453
266 0.837723
267 0.837111
268 0.838894
269 0.840492
270 0.841551
271 0.838861
272 0.836601
273 0.838877
274 0.836266
275 0.835781
276 0.841046
277 0.836728
278 0.837370
279 0.836945
280 0.837571
281 0.836532
282 0.837072
283 0.838101
284 0.836980
285 0.834757
286 0.837880
287 0.836376
288 0.837429
289 0.835830
290 0.840699
291 0.836520
292 0.841173
293 0.835660
294 0.838083
295 0.838209
296 0.837562
297 0.837843
298 0.838376
299 0.835385
300 0.839915
301 0.837176
302 0.838178
303 0.837000
304 0.838310
305 0.839912
306 0.837462
307 0.838799
308 0.838474
309 0.833825
310 0.837201
311 0.836916
312 0.838834
313 0.837753
314 0.837841
315 0.839337
316 0.838220
317 0.840659
318 0.835499
319 0.835255
320 0.838636
321 0.836685
322 0.840455
323 0.838638
324 0.838779
325 0.837572
326 0.836282
327 0.837146
328 0.837024
329 0.837095
330 0.838709
331 0.839675
332 0.837325
333 0.836351
334 0.839038
335 0.838451
336 0.838471
337 0.838322
338 0.839018
339 0.839585
340 0.835118
341 0.839138
342 0.836336
343 0.836023
344 0.836027
345 0.838085
346 0.837414
347 0.836002
348 0.838434
349 0.837813
350 0.837125
351 0.839929
352 0.837032
353 0.834777
354 0.838549
355 0.837658
356 0.839678
357 0.836813
358 0.838602
359 0.841647
360 0.836584
361 0.833831
362 0.839069
363 0.836097
364 0.839665
365 0.837007
366 0.837736
367 0.839182
368 0.837248
369 0.839114
370 0.837825
371 0.837178
372 0.835066
373 0.835687
374 0.836964
375 0.838540
376 0.838199
377 0.834148
378 0.836671
379 0.838171
380 0.837540
381 0.836210
382 0.839187
383 0.838369
384 0.841538
385 0.836613
386 0.837238
387 0.833999
388 0.834778
389 0.840043
390 0.840042
391 0.835949
392 0.837905
393 0.839412
394 0.839038
395 0.835904
396 0.837905
397 0.837123
398 0.839237
399 0.835307
400 0.836690
401 0.840152
402 0.836797
403 0.841222
404 0.836770
405 0.836797
406 0.837215
407 0.838115
408 0.839008
409 0.837452
410 0.838577
411 0.837091
412 0.837839
413 0.836129
414 0.840257
415 0.837441
416 0.838016
417 0.838134
418 0.837532
419 0.838991
420 0.835596
421 0.837540
422 0.837737
423 0.837566
424 0.837912
425 0.839378
426 0.837501
427 0.838354
428 0.836360
429 0.839547
430 0.838241
431 0.837794
432 0.837880
433 0.836684
434 0.836070
435 0.840014
436 0.838177
437 0.839102
438 0.836325
439 0.837636
440 0.836776
441 0.836762
442 0.837705
443 0.840945
444 0.837999
445 0.837268
446 0.836282
447 0.835103
448 0.838722
449 0.839531
450 0.835504
451 0.837511
452 0.838528
453 0.834524
454 0.837705
455 0.836616
456 0.838299
457 0.838820
458 0.838920
459 0.840100
460 0.838854
461 0.834558
462 0.837272
463 0.840398
464 0.837821
465 0.835920
466 0.838144
467 0.837458
468 0.838471
469 0.836866
470 0.838191
471 0.835682
472 0.842871
473 0.835182
474 0.836385
475 0.839414
476 0.837396
477 0.837220
478 0.835699
479 0.835852
480 0.837743
481 0.839202
482 0.838620
483 0.837778
484 0.837524
485 0.838003
486 0.835705
487 0.838340
488 0.845153
489 0.836117
490 0.837838
491 0.840071
492 0.838538
493 0.840615
494 0.836383
495 0.836690
496 0.838318
497 0.837113
498 0.836809
499 0.837944
